{
  "220422302296": {
    "X_WC": [
      [
        0.606747567653656,
        -0.5086942911148071,
        0.6108089089393616,
        0.9495939016342163
      ],
      [
        0.779473066329956,
        0.5313830971717834,
        -0.33174341917037964,
        0.013426600024104118
      ],
      [
        -0.15581756830215454,
        0.6773936152458191,
        0.7189289331436157,
        0.38001641631126404
      ],
      [
        0.0,
        0.0,
        0.0,
        1.0
      ]
    ],
    "video_path": "videos/220422302296.mp4",
    "metadata_path": "videos/220422302296.json"
  },
  "234222302164": {
    "X_WC": [
      [
        -0.5385846495628357,
        -0.7674259543418884,
        0.347827672958374,
        0.6469128727912903
      ],
      [
        0.8420496582984924,
        -0.504772961139679,
        0.19014911353588104,
        0.5172103047370911
      ],
      [
        0.02964870259165764,
        0.39529949426651,
        0.9180736541748047,
        0.5189733505249023
      ],
      [
        0.0,
        0.0,
        0.0,
        1.0
      ]
    ],
    "video_path": "videos/234222302164.mp4",
    "metadata_path": "videos/234222302164.json"
  },
  "234222303707": {
    "X_WC": [
      [
        -0.0959780216217041,
        0.971773624420166,
        -0.21550923585891724,
        0.17146411538124084
      ],
      [
        -0.9483034610748291,
        -0.023470992222428322,
        0.3164959251880646,
        0.5118779540061951
      ],
      [
        0.30250418186187744,
        0.23474480211734772,
        0.9237889647483826,
        0.7177857756614685
      ],
      [
        0.0,
        0.0,
        0.0,
        1.0
      ]
    ],
    "video_path": "videos/234222303707.mp4",
    "metadata_path": "videos/234222303707.json"
  }
}