{
    "234322306517": {
        "X_WT": [
            [
                -0.06017667055130005,
                0.10150500386953354,
                0.993013322353363,
                0.950188398361206
            ],
            [
                0.9975820183753967,
                0.040767207741737366,
                0.056286342442035675,
                0.3876122534275055
            ],
            [
                -0.03476903587579727,
                0.9939993619918823,
                -0.10371279716491699,
                0.03208727017045021
            ],
            [
                0.0,
                0.0,
                0.0,
                1.0
            ]
        ]
    },
    "220422302296": {
        "X_WT": [
            [
                0.6026780605316162,
                -0.48318707942962646,
                0.6350664496421814,
                0.9555544257164001
            ],
            [
                0.7749484181404114,
                0.5442332625389099,
                -0.3213488757610321,
                0.014527703635394573
            ],
            [
                -0.190352663397789,
                0.6858136653900146,
                0.7024425268173218,
                0.3708072006702423
            ],
            [
                0.0,
                0.0,
                0.0,
                1.0
            ]
        ]
    },
    "234222302164": {
        "X_WT": [
            [
                -0.5527461171150208,
                -0.748338520526886,
                0.3666895031929016,
                0.6494063138961792
            ],
            [
                0.8330696225166321,
                -0.5075996518135071,
                0.21985813975334167,
                0.5338762402534485
            ],
            [
                0.021603133529424667,
                0.4270036220550537,
                0.9039918184280396,
                0.515404999256134
            ],
            [
                0.0,
                0.0,
                0.0,
                1.0
            ]
        ]
    },
    "234222303707": {
        "X_WT": [
            [
                -0.0887506902217865,
                0.9750510454177856,
                -0.20346683263778687,
                0.18299052119255066
            ],
            [
                -0.9436277747154236,
                -0.016908135265111923,
                0.3305763602256775,
                0.5151231288909912
            ],
            [
                0.3188885748386383,
                0.22133582830429077,
                0.9215858578681946,
                0.731711745262146
            ],
            [
                0.0,
                0.0,
                0.0,
                1.0
            ]
        ]
    }
}