{
    "220422302296": {
        "X_WT": [
            [
                0.6066100001335144,
                -0.5083074569702148,
                0.6112674474716187,
                0.9428470134735107
            ],
            [
                0.7795400619506836,
                0.5312067270278931,
                -0.33186855912208557,
                0.012990353628993034
            ],
            [
                -0.15601812303066254,
                0.6778222322463989,
                0.7184813022613525,
                0.3805241584777832
            ],
            [
                0.0,
                0.0,
                0.0,
                1.0
            ]
        ]
    },
    "234222302164": {
        "X_WT": [
            [
                -0.547471821308136,
                -0.7610086798667908,
                0.34805235266685486,
                0.6449788808822632
            ],
            [
                0.8361292481422424,
                -0.5144039392471313,
                0.19046373665332794,
                0.5208412408828735
            ],
            [
                0.03409493714570999,
                0.3952902853488922,
                0.9179232716560364,
                0.5196565985679626
            ],
            [
                0.0,
                0.0,
                0.0,
                1.0
            ]
        ]
    },
    "234222303707": {
        "X_WT": [
            [
                -0.09598474949598312,
                0.9716595411300659,
                -0.21601992845535278,
                0.17088918387889862
            ],
            [
                -0.9483526945114136,
                -0.02334965206682682,
                0.3163573145866394,
                0.5123611092567444
            ],
            [
                0.3023476302623749,
                0.2352285534143448,
                0.923717200756073,
                0.7192813158035278
            ],
            [
                0.0,
                0.0,
                0.0,
                1.0
            ]
        ]
    }
}